# yamllint disable
end-of-epoch: true
loss: 0.3855586433455377
summary:
  DER: 0.1753383356187113
  F-score: 0.8809755267598375
  FAR: 0.10913463467944007
  FN: 108758.0
  FP: 35351.0
  FRR: 0.1693841412038056
  MCC: 0.6922027343603382
  TN: 288570.0
  TP: 533321.0
  precision: 0.9378358702380117
  recall: 0.8306158587961788
  threshold: 0.5
unixtime: 1659944748.0251982
